5e-06
5e-06
6e-06
5e-06
5e-06
4e-06
6e-06
5e-06
5e-06
6e-06
5e-06
5e-06
6e-06
5e-06
6e-06
5e-06
5e-06
5e-06
5e-06
5e-06
6e-06
5e-06
5e-06
5e-06
5e-06
5e-06
5e-06
5e-06
4e-06
5e-06
5e-06
5e-06
5e-06
5e-06
5e-06
6e-06
5e-06
6e-06
5e-06
5e-06
2.5e-05
5e-06
5e-06
5e-06
5e-06
5e-06
4e-06
5e-06
5e-06
7e-06
5e-06
0
0
0
5e-06
6e-06
5e-06
5e-06
5e-06
5e-06
2.6e-05
4e-06
4e-06
5e-06
4e-06
4e-06
5e-06
5e-06
5e-06
5e-06
5e-06
6e-06
5e-06
4e-06
5e-06
5e-06
5e-06
5e-06
6e-06
5e-06
6e-06
5e-06
5e-06
5e-06
5e-06
5e-06
5e-06
4e-06
5e-06
6e-06
4e-06
5e-06
5e-06
6e-06
6e-06
5e-06
4e-06
4e-06
4e-06
6e-06
