7e-06
1e-05
1.1e-05
1.2e-05
1.5e-05
1.5e-05
1.7e-05
1.8e-05
1.9e-05
2.2e-05
2.3e-05
1.5e-05
2e-05
2.8e-05
2.8e-05
2.9e-05
2e-06
3.3e-05
3.4e-05
2.1e-05
1.9e-05
3.9e-05
1.3e-05
7e-06
4.2e-05
4.2e-05
2.2e-05
6e-06
3.7e-05
4.9e-05
5.1e-05
1.7e-05
4.1e-05
5.3e-05
5.4e-05
5.5e-05
1.9e-05
5.7e-05
5.1e-05
6e-05
6e-05
6.1e-05
6.4e-05
6.2e-05
6.4e-05
6.4e-05
6.5e-05
6.6e-05
4.6e-05
2.8e-05
6.6e-05
4.7e-05
6.5e-05
6.7e-05
7.1e-05
4.2e-05
1.3e-05
3.5e-05
7e-05
7.1e-05
2.9e-05
4.8e-05
5.5e-05
7.3e-05
4.6e-05
7.9e-05
5.3e-05
7.3e-05
4.5e-05
6.4e-05
3.1e-05
1.3e-05
7.5e-05
5.9e-05
8.3e-05
2.1e-05
7.8e-05
3.3e-05
0
7e-05
1.5e-05
2.7e-05
7.1e-05
2.4e-05
4.8e-05
7.2e-05
5e-06
2.4e-05
3e-05
3.5e-05
8e-06
1.1e-05
5.9e-05
4.7e-05
5.3e-05
4.6e-05
1e-05
7.1e-05
7e-06
6e-05
