5e-06
5e-06
5e-06
5e-06
4e-06
5e-06
4e-06
4e-06
5e-06
5e-06
5e-06
5e-06
5e-06
2e-06
5e-06
4e-06
4e-06
5e-06
5e-06
2.2e-05
4e-06
5e-06
5e-06
5e-06
5e-06
5e-06
4e-06
4e-06
5e-06
5e-06
5e-06
5e-06
5e-06
5e-06
5e-06
4e-06
4e-06
5e-06
5e-06
5e-06
4e-06
4e-06
5e-06
5e-06
5e-06
5e-06
5e-06
5e-06
5e-06
0
4e-06
5e-06
5e-06
5e-06
5e-06
4e-06
5e-06
5e-06
5e-06
5e-06
4e-06
5e-06
5e-06
5e-06
5e-06
5e-06
5e-06
5e-06
5e-06
4e-06
4e-06
4e-06
5e-06
5e-06
5e-06
5e-06
5e-06
4e-06
5e-06
5e-06
5e-06
5e-06
5e-06
4e-06
5e-06
5e-06
5e-06
5e-06
5e-06
5e-06
5e-06
5e-06
4e-06
4e-06
4e-06
5e-06
5e-06
5e-06
5e-06
5e-06
