1.2e-05
1.2e-05
1.2e-05
1.2e-05
1.2e-05
1.2e-05
1.2e-05
1.2e-05
1.1e-05
1.1e-05
1.2e-05
1.1e-05
1.1e-05
1.1e-05
1.2e-05
1.2e-05
1.1e-05
1.1e-05
1.1e-05
1.1e-05
1.1e-05
1.1e-05
2.7e-05
1e-05
1e-05
1e-05
1e-05
1e-05
1e-05
1e-05
1e-05
1e-05
1e-05
1e-05
1e-05
1e-05
1e-05
1e-05
9e-06
9e-06
1e-05
9e-06
9e-06
9e-06
9e-06
9e-06
9e-06
9e-06
2.5e-05
8e-06
9e-06
9e-06
9e-06
9e-06
8e-06
8e-06
8e-06
8e-06
8e-06
7e-06
8e-06
7e-06
7e-06
7e-06
7e-06
7e-06
6e-06
7e-06
6e-06
7e-06
7e-06
7e-06
6e-06
6e-06
6e-06
6e-06
6e-06
6e-06
6e-06
6e-06
6e-06
6e-06
6e-06
6e-06
6e-06
6e-06
6e-06
6e-06
6e-06
6e-06
5e-06
5e-06
5e-06
5e-06
5e-06
4e-06
5e-06
5e-06
5e-06
5e-06
