5e-06
4e-06
5e-06
5e-06
0.000108
5e-06
5e-06
5e-06
5e-06
5e-06
5e-06
5e-06
5e-06
5e-06
5e-06
5e-06
5e-06
5e-06
5e-06
5e-06
5e-06
5e-06
4e-06
4e-06
5e-06
5e-06
5e-06
5e-06
4e-06
5e-06
5e-06
5e-06
5e-06
5e-06
5e-06
4e-06
4e-06
5e-06
5e-06
5e-06
5e-06
5e-06
5e-06
5e-06
5e-06
5e-06
5e-06
5e-06
5e-06
6e-06
5e-06
4e-06
4e-06
5e-06
5e-06
5e-06
5e-06
5e-06
5e-06
5e-06
4e-06
4e-06
5e-06
5e-06
5e-06
5e-06
5e-06
5e-06
4e-06
5e-06
5e-06
5e-06
5e-06
5e-06
5e-06
4e-06
4e-06
5e-06
5e-06
5e-06
4e-06
4e-06
5e-06
5e-06
4e-06
4e-06
4e-06
5e-06
5e-06
5e-06
5e-06
5e-06
5e-06
4e-06
4e-06
5e-06
5e-06
5e-06
1e-06
5e-06
