5e-06
5e-06
5e-06
5e-06
5e-06
5e-06
5e-06
4e-06
8.8e-05
5e-06
5e-06
4e-06
5e-06
5e-06
5e-06
5e-06
5e-06
6e-06
5e-06
5e-06
5e-06
4e-06
5e-06
5e-06
4e-06
5e-06
5e-06
5e-06
5e-06
4e-06
5e-06
5e-06
4e-06
5e-06
5e-06
5e-06
5e-06
7e-06
4e-06
5e-06
5e-06
5e-06
5e-06
5e-06
5e-06
5e-06
6e-06
6e-06
6e-06
6e-06
6e-06
6e-06
6e-06
5e-06
5e-06
5e-06
6e-06
6e-06
5e-06
5e-06
4e-06
5e-06
5e-06
4e-06
4e-06
5e-06
4e-06
5e-06
5e-06
1e-06
4e-06
4e-06
5e-06
5e-06
5e-06
5e-06
5e-06
4e-06
4e-06
5e-06
4e-06
5e-06
5e-06
5e-06
6e-06
3e-05
6e-06
6e-06
6e-06
6e-06
6e-06
6e-06
6e-06
8e-06
6e-06
6e-06
7e-06
6e-06
6e-06
6e-06
