5e-06
6e-06
5e-06
5e-06
4e-06
5e-06
5e-06
5e-06
5e-06
5e-06
5e-06
5e-06
5e-06
5e-06
6e-06
5e-06
5e-06
5e-06
5e-06
5e-06
5e-06
5e-06
5e-06
5e-06
5e-06
5e-06
5e-06
6e-06
5e-06
5e-06
5e-06
5e-06
5e-06
5e-06
5e-06
5e-06
5e-06
5e-06
5e-06
5e-06
5e-06
4e-06
4e-06
5e-06
4e-06
5e-06
6e-06
5e-06
4e-06
5e-06
4e-06
5e-06
5e-06
5e-06
4e-06
5e-06
5e-06
5e-06
5e-06
5e-06
5e-06
4e-06
5e-06
5e-06
5e-06
4e-06
5e-06
4e-06
5e-06
4e-06
5e-06
5e-06
4e-06
4e-06
6e-06
5e-06
5e-06
4e-06
5e-06
4e-06
5e-06
4e-06
5e-06
5e-06
4e-06
5e-06
4e-06
5e-06
4e-06
5e-06
5e-06
5e-06
9.2e-05
4e-06
5e-06
4e-06
5e-06
4e-06
5e-06
5e-06
