2.1e-05
2.1e-05
2.1e-05
2.1e-05
2.1e-05
2.1e-05
2e-05
2.1e-05
2.1e-05
2e-05
2.1e-05
2.1e-05
2.1e-05
2.1e-05
2.1e-05
3.6e-05
2.1e-05
2.1e-05
2.1e-05
2e-05
2.1e-05
2.1e-05
2.1e-05
2.1e-05
2.1e-05
2.1e-05
2.1e-05
2.1e-05
2.1e-05
2.1e-05
2.1e-05
2.1e-05
2.2e-05
2e-05
2e-05
2.1e-05
2.1e-05
2.1e-05
2.1e-05
3.7e-05
2.1e-05
2.1e-05
2.1e-05
2.2e-05
2.2e-05
2.3e-05
2.2e-05
2.3e-05
2.2e-05
2.2e-05
2.2e-05
2.2e-05
2.2e-05
2.3e-05
2.3e-05
2.2e-05
2.2e-05
2.2e-05
2.2e-05
2.2e-05
2.2e-05
2.2e-05
2.2e-05
2.2e-05
2.2e-05
2.2e-05
2.2e-05
2.2e-05
2.2e-05
2.2e-05
2.3e-05
2.2e-05
2.3e-05
2.3e-05
2.3e-05
2.2e-05
2.2e-05
2.2e-05
2.2e-05
2.2e-05
2.3e-05
2.2e-05
2.2e-05
2.2e-05
2.2e-05
2.3e-05
2.2e-05
2.2e-05
2.2e-05
2.3e-05
2.3e-05
2.2e-05
2.2e-05
2.2e-05
2.2e-05
2.3e-05
2.2e-05
2.2e-05
2.2e-05
2.3e-05
